1000 0.000001406117647 0.000000031231361 0.000000976541667 0.000036076931577 0.000000344104478 0.000733799478501
1072 0.000000290956535 0.116247638743834 0.000000448052705 0.049212049411925 0.000000330195178 0.027515603801125
1149 0.000000327381454 0.179605302026986 0.000000460380568 0.063890051514891 0.000000336089353 0.032631797253053
1232 0.000000354233031 0.237915475715672 0.000000474107143 0.077122544648269 0.000000337662338 0.037110487700030
1321 0.000000356718009 0.285714285714466 0.000000484691732 0.089087080638249 0.000000335803296 0.041390978355591
1417 0.000000370292551 0.337099931231786 0.000000482585412 0.099572605971085 0.000000337418807 0.045078753303995
1519 0.000000381171824 0.387298334620890 0.000000494489159 0.111774302347629 0.000000338044035 0.049838472945408
1629 0.000000377225292 0.429197537639588 0.000000483855126 0.119610135808287 0.000000340553655 0.053365348086709
1747 0.000000381077766 0.478091443733852 0.000000494053298 0.133067992052002 0.000000342301088 0.058412325721809
1873 0.000000388514415 0.530330085889995 0.000000507997864 0.145647531512527 0.000000344352495 0.063606326448400
2009 0.000000388402190 0.577350269189694 0.000000498409332 0.158436692773546 0.000000345723655 0.068263480197345
2154 0.000000390850909 0.626783170528073 0.000000497763147 0.168790237025080 0.000000349851739 0.073789202161757
2310 0.000000392241092 0.679366220486809 0.000000504956710 0.184304940314699 0.000000351112106 0.079720403721324
2477 0.000000395202530 0.735980072194031 0.000000499564414 0.196814108420679 0.000000353459232 0.085378050007043
2656 0.000000398634310 0.797724035217503 0.000000497385375 0.210518412393254 0.000000355286145 0.091764571026869
2848 0.000000404757725 0.866025403784472 0.000000497438863 0.225704831164274 0.000000361580972 0.099061867178531
3053 0.000000411588257 0.917662935482277 0.000000509007534 0.247340916615500 0.000000359755432 0.108527134332686
3274 0.000000409115591 0.971825315807575 0.000000515031853 0.263469341643954 0.000000361805131 0.114775725143470
3511 0.000000415942751 1.060660171779844 0.000000517297285 0.285638309725957 0.000000368286971 0.125971405425149
3764 0.000000424229543 1.125462867742295 0.000000520988310 0.306249199691839 0.000000369959992 0.134218697674404
4037 0.000000430270002 1.195228609334412 0.000000526245862 0.329631834480773 0.000000372197795 0.143533932068546
4328 0.000000433296602 1.270977818604501 0.000000536044362 0.356507758485677 0.000000374753543 0.154166091923788
4641 0.000000443438914 1.354006400772674 0.000000538396897 0.367968259605768 0.000000382676147 0.168241643890316
4977 0.000000437978337 1.445997610962452 0.000000582640145 0.380262752706957 0.000000356331432 0.171029181654647
5336 0.000000437987256 1.549193338482976 0.000000617747376 0.393597934253119 0.000000373422664 0.181107227504667
5722 0.000000428102062 1.581138830084196 0.000000625637889 0.397635364383558 0.000000363436444 0.182033734140946
6135 0.000000489079055 1.612451549659720 0.000000497114914 0.401553427287055 0.000000365962807 0.191062442740838
6579 0.000000477823377 1.643167672515506 0.000000496792826 0.405360046442119 0.000000370573035 0.201335552360263
7054 0.000000477998299 1.673320053068158 0.000000504819960 0.409062348923512 0.000000375744259 0.202252898353427
7564 0.000000445716552 1.702938636592644 0.000000515639873 0.412666770723386 0.000000372871497 0.203142012081078
8111 0.000000443706078 1.732050807568880 0.000000512600173 0.416179145028785 0.000000382455924 0.204004692355065
8697 0.000000444417615 1.760681686165903 0.000000519753938 0.419604776684672 0.000000385512246 0.204842568008876
9326 0.000000442429766 1.788854381999833 0.000000543845164 0.422948505376228 0.000000391175209 0.205657118859594
10000 0.000000454470000 1.816590212458496 0.000000547160000 0.426214759535438 0.000000395890000 0.206449693517687
10722 0.000000456426040 1.843908891458578 0.000000556426040 0.429407602571099 0.000000397369894 0.207221524598951
11497 0.000000464416804 1.870828693386971 0.000000562216230 0.432530772707212 0.000000402818126 0.207973741781812
12328 0.000000470660286 1.897366596101028 0.000000570157365 0.435587717469287 0.000000409969176 0.208707383067612
13219 0.000000470928209 1.923538406167135 0.000000576291701 0.438581623665099 0.000000408502912 0.209423404533764
14174 0.000000482312685 1.949358868961793 0.000000585254692 0.441515443553427 0.000000420184845 0.210122688816188
15199 0.000000489413777 1.974841765813150 0.000000588611093 0.444391917772270 0.000000415237845 0.210806052515644
16297 0.000000497128306 2.000000000000000 0.000000595354973 0.447213595499959 0.000000421194085 0.211474252688118
17475 0.000000501213162 2.024845673131659 0.000000605161660 0.449982852243468 0.000000425865522 0.212127992552488
18738 0.000000504707012 2.049390153191920 0.000000607039172 0.452701905583788 0.000000429512221 0.212767926526485
20092 0.000000514548079 2.073644135332772 0.000000645301613 0.455372829155713 0.000000433346606 0.213394664683942
21544 0.000000520242295 2.097617696340303 0.000000628513739 0.457997565096181 0.000000440210732 0.214008776711655
23101 0.000000529847193 2.121320343559643 0.000000635500628 0.460577935159691 0.000000444920133 0.214610795432034
24770 0.000000531336294 2.144761058952722 0.000000641174808 0.463115650669757 0.000000450274526 0.215201219947697
26560 0.000000536961596 2.167948338867880 0.000000648328313 0.465612321450784 0.000000454348645 0.215780518455857
28480 0.000000548879916 2.190890230020664 0.000000660189607 0.468069463864144 0.000000459389045 0.216349130773421
30538 0.000000559725588 2.213594362117866 0.000000663861419 0.470488508054965 0.000000461985068 0.216907470607854
32745 0.000000569980150 2.236067977499790 0.000000673989922 0.472870804501589 0.000000465011452 0.217455927604100
35111 0.000000573569537 2.258317958127243 0.000000743556150 0.475217629947298 0.000000471789468 0.217994869193590
37649 0.000000586259927 2.280350850198276 0.000000700974793 0.477530192783480 0.000000476870568 0.218524642267984
40370 0.000000591672034 2.302172886644267 0.000000710750557 0.479809637944494 0.000000484723805 0.219045574697255
43287 0.000000594700487 2.323790007724450 0.000000724605540 0.482057051366791 0.000000489500312 0.219557976709299
46415 0.000000613560271 2.345207879911715 0.000000732198643 0.484273464058451 0.000000501885166 0.220062142145910
49770 0.000000624054651 2.366431913239846 0.000000752822986 0.486459855819557 0.000000503415712 0.220558349608348
53366 0.000000645206686 2.387467277262664 0.000000764700371 0.488617158649045 0.000000519263201 0.221046863503889
57223 0.000000661342467 2.408318915758459 0.000000789577617 0.490746259869442 0.000000537179106 0.221527935003572
61359 0.000000680136573 2.428991560298224 0.000000802832510 0.492848004997304 0.000000541077918 0.222001802920014
65793 0.000000705459547 2.449489742783178 0.000000831881811 0.494923200383977 0.000000567279194 0.222468694513205
70548 0.000000739879231 2.469817807045694 0.000000880521064 0.496972615648558 0.000000588337019 0.222928826231308
75646 0.000000779246755 2.489979919597746 0.000000908878196 0.498996985922535 0.000000626510324 0.223382404392708
81113 0.000000822468655 2.509980079602227 0.000000944299927 0.500997013923459 0.000000650697176 0.223829625814737
86974 0.000000859927105 2.529822128134704 0.000000989341642 0.502973371873174 0.000000687308851 0.224270678394073
93260 0.000000898715419 2.549509756796392 0.000001036199871 0.504926703274485 0.000000722067339 0.224705741643294
100000 0.000000920275000 2.569046515733026 0.000001065900000 0.506857624558714 0.000000743690000 0.225134987187439
107226 0.000000955575140 2.588435821108957 0.000001107082238 0.508766726615347 0.000000758827150 0.225558579224012
114975 0.000000981642966 2.607680962081059 0.000001141726462 0.510654576213810 0.000000778943249 0.225976674949874
123284 0.000001007950748 2.626785107312740 0.000001167045196 0.512521717326470 0.000000797281075 0.226389424957683
132194 0.000001030287305 2.645751311064591 0.000001194910510 0.514368672361040 0.000000808765905 0.226796973604433
141747 0.000001086056142 2.664582518894846 0.000001234043754 0.516195943309791 0.000000830373835 0.227199459354556
151991 0.000001082958859 2.683281572999748 0.000001253547907 0.518004012822270 0.000000844780283 0.227597015099616
162975 0.000001110148796 2.701851217221259 0.000001285497776 0.519793345207618 0.000000855394999 0.227989768456380
174752 0.000001133239677 2.720294101747089 0.000001308025087 0.521564387371980 0.000000865420710 0.228377842045218
187381 0.000001146119937 2.738612787525831 0.000001342500040 0.523317569696053 0.000000882426713 0.228761353750240
200923 0.000001174157762 2.756809750418044 0.000001373804890 0.525053306857318 0.000000907352568 0.229140416962541
215443 0.000001206478280 2.774887385102322 0.000001405332269 0.526771998601133 0.000000912556918 0.229515140808093
231012 0.000001220392447 2.792848008753788 0.000001453426662 0.528474030464486 0.000000937232698 0.229885630361038
247707 0.000001256482861 2.810693864511039 0.000001479534288 0.530159774455875 0.000000944196167 0.230251986844061
265608 0.000001290941161 2.828427124746190 0.000001509672148 0.531829589694499 0.000000974624258 0.230614307816086
284803 0.000001311061681 2.846049894151542 0.000001540945847 0.533483823011677 0.000000982465072 0.230972687349001
305385 0.000001343735940 2.863564212655271 0.000001578060481 0.535122809517149 0.000001014463710 0.231327216193345
327454 0.000001369392342 2.880972058177587 0.000001619039621 0.536746873132726 0.000001039920111 0.231677981934667
351119 0.000001394358893 2.898275349237888 0.000001658716845 0.538356327095530 0.000001055889883 0.232025069140386
376493 0.000001430264042 2.915475947422650 0.000001693293102 0.539951474432902 0.000001049748601 0.232368559498372
403701 0.000001452522288 2.932575659723036 0.000001734766572 0.541532608410891 0.000001099464703 0.232708531947454
432876 0.000001485135928 2.949576240750525 0.000001771269370 0.543100012958067 0.000001119607001 0.233045062800863
464158 0.000001520822220 2.966479394838265 0.000001802929175 0.544653963066300 0.000001112569427 0.233378225862422
497702 0.000001547489261 2.983286778035259 0.000001838889536 0.546194725169995 0.000001181188743 0.233708092536493
533669 0.000001585649344 3.000000000000000 0.000001878452749 0.547722557505166 0.000001173390248 0.234034731932207
572236 0.000001611557819 3.016620625799671 0.000001905876247 0.549237710449644 0.000001172117798 0.234358210961399
613590 0.000001627619909 3.033150177620620 0.000001939334083 0.550740426845589 0.000001240851383 0.234678594432056
657933 0.000001667731973 3.049590136395381 0.000001971574613 0.552230942305425 0.000001268227920 0.234995945136477
705480 0.000001698904009 3.065941943351179 0.000002008599819 0.553709485502206 0.000001293051539 0.235310323934727
756463 0.000001734865552 3.082207001484488 0.000002048298463 0.555176278445368 0.000001268310545 0.235621789834044
811130 0.000001759632735 3.098386676965934 0.000002089766129 0.556631536742748 0.000001333061285 0.235930400063925
869749 0.000001784887134 3.114482300479487 0.000002110911309 0.558075469849687 0.000001360789147 0.236236210147842
932603 0.000001825412099 3.130495168499706 0.000002153095154 0.559508281305979 0.000001392195822 0.236539273970815
1000000 0.000001851126500 3.146426544510455 0.000002188669000 0.560930168961383 0.000001413823000 0.236839643844044
