1000 0.000000400000000 0.000000025000000 0.000000393000000 0.000000005000000 0.000000305000000 0.000000003000000
1072 0.000000294776119 0.000000015858209 0.000000393656716 0.000000003731343 0.000000307835821 0.000000002798507
1149 0.000000300261097 0.000000010443864 0.000000400348129 0.000000005221932 0.000000309834639 0.000000002610966
1232 0.000000304383117 0.000000008116883 0.000000422889610 0.000000009740260 0.000000313311688 0.000000003246753
1321 0.000000309613929 0.000000003785011 0.000000420893263 0.000000014383043 0.000000314155942 0.000000002271007
1417 0.000000316866620 0.000000005645730 0.000000429075512 0.000000016231475 0.000000315455187 0.000000001411433
1519 0.000000317314022 0.000000006583278 0.000000422646478 0.000000012508229 0.000000317972350 0.000000001316656
1629 0.000000321669736 0.000000006138735 0.000000442602824 0.000000017802333 0.000000319828115 0.000000001227747
1747 0.000000323983973 0.000000005724098 0.000000431024614 0.000000013165426 0.000000322266743 0.000000001717230
1873 0.000000327816337 0.000000006406834 0.000000450080085 0.000000019220502 0.000000324612920 0.000000001067806
2009 0.000000336983574 0.000000008461921 0.000000455948233 0.000000012941762 0.000000326530612 0.000000001991040
2154 0.000000335190344 0.000000006499536 0.000000450789229 0.000000017177344 0.000000330083565 0.000000001392758
2310 0.000000345021645 0.000000008658009 0.000000438095238 0.000000005194805 0.000000331168831 0.000000001298701
2477 0.000000341542188 0.000000007266855 0.000000452159871 0.000000004440856 0.000000333871619 0.000000002018571
2656 0.000000346762048 0.000000006024096 0.000000454819277 0.000000011295181 0.000000336219880 0.000000001129518
2848 0.000000344803371 0.000000009831461 0.000000454353933 0.000000008426966 0.000000338834270 0.000000002106742
3053 0.000000352767769 0.000000006878480 0.000000465116279 0.000000013101867 0.000000341303636 0.000000001965280
3274 0.000000364080635 0.000000010690287 0.000000460904093 0.000000006108735 0.000000347281613 0.000000003665241
3511 0.000000366562233 0.000000009114212 0.000000480489889 0.000000016519510 0.000000355169467 0.000000005126745
3764 0.000000383368757 0.000000012221041 0.000000484590861 0.000000013283741 0.000000363708820 0.000000004250797
4037 0.000000403269755 0.000000007431261 0.000000515234085 0.000000024275452 0.000000363388655 0.000000004954174
4328 0.000000408733826 0.000000018715342 0.000000536275416 0.000000031654344 0.000000368299445 0.000000003234750
4641 0.000000402714932 0.000000016591252 0.000000519069166 0.000000026502909 0.000000370178841 0.000000003878474
4977 0.000000411693791 0.000000007434197 0.000000517580872 0.000000021297971 0.000000370504320 0.000000004621258
5336 0.000000396739130 0.000000004497751 0.000000519115442 0.000000013493253 0.000000367691154 0.000000002811094
5722 0.000000401782593 0.000000008912967 0.000000496679483 0.000000002097169 0.000000367179308 0.000000002446697
6135 0.000000396414018 0.000000009779951 0.000000519152404 0.000000004237979 0.000000371638142 0.000000002281989
6579 0.000000417388661 0.000000013527892 0.000000519531844 0.000000006687946 0.000000384100927 0.000000001519988
7054 0.000000422738872 0.000000007088177 0.000000532463850 0.000000010206975 0.000000385596824 0.000000003260561
7564 0.000000419751454 0.000000005684823 0.000000531332628 0.000000006874669 0.000000386700159 0.000000004891592
8111 0.000000426457897 0.000000006904204 0.000000543706078 0.000000006534336 0.000000390580693 0.000000002712366
8697 0.000000429343452 0.000000008738646 0.000000552834311 0.000000011153271 0.000000390594458 0.000000007128895
9326 0.000000440488956 0.000000014904568 0.000000546643792 0.000000010186575 0.000000390842805 0.000000004074630
10000 0.000000433600000 0.000000006800000 0.000000539000000 0.000000003100000 0.000000407000000 0.000000013300000
10722 0.000000444226823 0.000000015202388 0.000000575359075 0.000000004849841 0.000000394236150 0.000000003450849
11497 0.000000447508046 0.000000009828651 0.000000580325302 0.000000006697399 0.000000397929895 0.000000002435418
12328 0.000000456765088 0.000000013465282 0.000000588822193 0.000000006732641 0.000000402092797 0.000000011437378
13219 0.000000458279749 0.000000010212573 0.000000593615251 0.000000009380437 0.000000407141236 0.000000004992813
14174 0.000000469027797 0.000000012417102 0.000000603428813 0.000000001622689 0.000000413856357 0.000000017779032
15199 0.000000484176591 0.000000015856306 0.000000610895454 0.000000003881834 0.000000416211593 0.000000018817027
16297 0.000000489231147 0.000000017671964 0.000000616493833 0.000000003558937 0.000000417316070 0.000000018469657
17475 0.000000506494993 0.000000008927039 0.000000623748212 0.000000012818312 0.000000425865522 0.000000015793991
18738 0.000000513822180 0.000000009072473 0.000000630323407 0.000000003095314 0.000000446419042 0.000000004536237
20092 0.000000519360940 0.000000010203066 0.000000637915588 0.000000001642445 0.000000450627115 0.000000004280311
21544 0.000000526921649 0.000000007473078 0.000000644402154 0.000000001810249 0.000000459756777 0.000000003713331
23101 0.000000532704212 0.000000011817670 0.000000650794338 0.000000000822475 0.000000460499545 0.000000007099260
24770 0.000000539483246 0.000000003027856 0.000000659305612 0.000000001049657 0.000000466370610 0.000000006661284
26560 0.000000553162651 0.000000005911145 0.000000680045181 0.000000003501506 0.000000513027108 0.000000008621988
28480 0.000000571558989 0.000000016011236 0.000000683462079 0.000000005056180 0.000000482794944 0.000000004073034
30538 0.000000567194970 0.000000017158950 0.000000686128758 0.000000002390464 0.000000492140939 0.000000005141136
32745 0.000000569674760 0.000000004397618 0.000000692716445 0.000000001985036 0.000000497236219 0.000000001954497
35111 0.000000626100083 0.000000023041212 0.000000743840962 0.000000006806984 0.000000508501609 0.000000008914585
37649 0.000000608462376 0.000000004382587 0.000000724507955 0.000000012961832 0.000000522643364 0.000000007543361
40370 0.000000611617538 0.000000013772603 0.000000747584840 0.000000003195442 0.000000551250929 0.000000018751548
43287 0.000000621572297 0.000000004897544 0.000000759465890 0.000000018319588 0.000000541502068 0.000000002656687
46415 0.000000619390283 0.000000004933750 0.000000749111279 0.000000002628461 0.000000554928364 0.000000003231714
49770 0.000000634217400 0.000000004601165 0.000000766726944 0.000000003857746 0.000000557102672 0.000000012477396
53366 0.000000648633962 0.000000004684631 0.000000782108459 0.000000002023760 0.000000586646929 0.000000002023760
57223 0.000000671880188 0.000000003093162 0.000000802876466 0.000000001258235 0.000000622127466 0.000000013001765
61359 0.000000688961685 0.000000007268697 0.000000822601411 0.000000001727538 0.000000655763621 0.000000015678222
65793 0.000000708130044 0.000000007280410 0.000000844725123 0.000000001687110 0.000000707658869 0.000000017494262
70548 0.000000745563304 0.000000004819414 0.000000882831547 0.000000003373590 0.000000738532630 0.000000004833588
75646 0.000000786082542 0.000000016074875 0.000000943050525 0.000000008090315 0.000000779948708 0.000000027245327
81113 0.000000825046540 0.000000001417775 0.000000966429549 0.000000004043741 0.000000808304464 0.000000007508044
86974 0.000000882022214 0.000000018189344 0.000001010646860 0.000000003000897 0.000000843297997 0.000000018430795
93260 0.000000895410680 0.000000006905426 0.000001049667596 0.000000008213596 0.000000872796483 0.000000016019730
100000 0.000000938200000 0.000000009480000 0.000001095480000 0.000000003940000 0.000000904460000 0.000000005540000
107226 0.000000963077985 0.000000004756309 0.000001122815362 0.000000002546024 0.000000915151176 0.000000010118814
114975 0.000000986657969 0.000000004427049 0.000001152415743 0.000000001235051 0.000000922130898 0.000000024805392
123284 0.000001017544856 0.000000004834366 0.000001182651439 0.000000000754356 0.000000956685377 0.000000012897051
132194 0.000001037165076 0.000000003774755 0.000001209820415 0.000000001278424 0.000000987155242 0.000000007012421
141747 0.000001068128426 0.000000004959541 0.000001237994455 0.000000002970080 0.000001007280577 0.000000008522226
151991 0.000001088728938 0.000000002408037 0.000001267719799 0.000000001519827 0.000001029718865 0.000000013283681
162975 0.000001122393005 0.000000005338242 0.000001291719589 0.000000001681239 0.000001042699801 0.000000004871913
174752 0.000001127042895 0.000000008343252 0.000001319910502 0.000000001367652 0.000001064302554 0.000000006185909
187381 0.000001164424355 0.000000007604827 0.000001352570431 0.000000001190089 0.000001090841654 0.000000005827699
200923 0.000001186001603 0.000000004937215 0.000001382644097 0.000000003648164 0.000001114650886 0.000000015359118
215443 0.000001211243809 0.000000008893304 0.000001414587617 0.000000000617333 0.000001139656429 0.000000007171270
231012 0.000001234537600 0.000000003056118 0.000001445604557 0.000000001458799 0.000001167350614 0.000000006168511
247707 0.000001260598207 0.000000004864618 0.000001478944882 0.000000000924479 0.000001180507616 0.000000021238802
265608 0.000001289708894 0.000000006110509 0.000001513000361 0.000000002036836 0.000001208258034 0.000000011565917
284803 0.000001318476280 0.000000003932543 0.000001548737197 0.000000002229611 0.000001228610654 0.000000010737246
305385 0.000001337328291 0.000000005026442 0.000001582589191 0.000000001146094 0.000001252340488 0.000000006513090
327454 0.000001369905391 0.000000006452815 0.000001620468829 0.000000001963635 0.000001274029329 0.000000012911737
351119 0.000001401917868 0.000000002554689 0.000001656230509 0.000000000663593 0.000001296076259 0.000000018697365
376493 0.000001430815447 0.000000007447682 0.000001691043393 0.000000003211215 0.000001314797353 0.000000018887469
403701 0.000001469012958 0.000000006767385 0.000001726478260 0.000000001513496 0.000001342436605 0.000000009172630
432876 0.000001489946313 0.000000008293368 0.000001763216256 0.000000000831647 0.000001371170959 0.000000014128757
464158 0.000001528953503 0.000000005054313 0.000001803560426 0.000000001206486 0.000001386519246 0.000000006680915
497702 0.000001555900921 0.000000004060663 0.000001840081012 0.000000001776163 0.000001413006176 0.000000009877397
533669 0.000001586088006 0.000000008287909 0.000001871081138 0.000000002420976 0.000001429863829 0.000000017231655
572236 0.000001614783062 0.000000005637534 0.000001910722150 0.000000000648334 0.000001458733809 0.000000006855563
613590 0.000001646881468 0.000000008764810 0.000001945704787 0.000000002037191 0.000001484440750 0.000000013952313
657933 0.000001682098329 0.000000003530755 0.000001980543612 0.000000001813255 0.000001505419245 0.000000009283620
705480 0.000001714801270 0.000000005845665 0.000002017378239 0.000000002328911 0.000001522995691 0.000000014203096
756463 0.000001745741695 0.000000006197263 0.000002048250873 0.000000002169306 0.000001554380056 0.000000009299860
811130 0.000001765755181 0.000000017788764 0.000002087511250 0.000000000690395 0.000001555647060 0.000000032166237
869749 0.000001808854049 0.000000004788738 0.000002121128050 0.000000002244326 0.000001587856956 0.000000007218174
932603 0.000001839517994 0.000000004136808 0.000002149747535 0.000000007190627 0.000001618690911 0.000000011772426
1000000 0.000001868696000 0.000000009701000 0.000002192246000 0.000000003907000 0.000001592649000 0.000000022792000


